3
0.72035	-0.589741	1.48914	0.101251	-0.525377	0.65306	-0.649016	4.77802e-12	-8.25926e-12	1.29484e-11
0.703909	0.26693	-0.533693	0.295882	0.275543	-0.328261	-0.684151	2.53993e-11	5.0025e-11	6.10125e-11
-0.784646	-0.728315	0.138218	0.245433	-0.470769	0.538531	-0.112037	-3.01773e-11	-4.17658e-11	-7.39609e-11

3
0.72035	-1.6405	2.79526	-1.19678	-0.525377	0.65306	-0.649016	2.13168e-12	1.05365e-11	-5.9304e-12
0.703909	0.818015	-1.19022	-1.07242	0.275543	-0.328261	-0.684151	3.36706e-12	-1.68915e-12	-1.55639e-12
-0.784646	-1.66985	1.21528	0.0213586	-0.470769	0.538531	-0.112037	-5.49874e-12	-8.84737e-12	7.48679e-12

3
0.72035	-2.69125	4.10138	-2.49481	-0.525377	0.65306	-0.649016	4.60321e-13	3.60004e-12	-4.54446e-12
0.703909	1.3691	-1.84674	-2.44072	0.275543	-0.328261	-0.684151	4.9168e-13	-2.28188e-13	-5.38544e-13
-0.784646	-2.61139	2.29234	-0.202716	-0.470769	0.538531	-0.112037	-9.52002e-13	-3.37186e-12	5.083e-12

3
0.72035	-3.742	5.4075	-3.79285	-0.525377	0.65306	-0.649016	1.44865e-13	1.42139e-12	-2.65812e-12
0.703909	1.92019	-2.50326	-3.80902	0.275543	-0.328261	-0.684151	1.52464e-13	-6.20778e-14	-2.52961e-13
-0.784646	-3.55293	3.3694	-0.426791	-0.470769	0.538531	-0.112037	-2.97329e-13	-1.35932e-12	2.91108e-12

3
0.72035	-4.79276	6.71362	-5.09088	-0.525377	0.65306	-0.649016	6.1308e-14	6.86351e-13	-1.65648e-12
0.703909	2.47127	-3.15978	-5.17733	0.275543	-0.328261	-0.684151	6.55152e-14	-2.28821e-14	-1.45031e-13
-0.784646	-4.49447	4.44646	-0.650865	-0.470769	0.538531	-0.112037	-1.26823e-13	-6.63469e-13	1.80151e-12

